0.9219174385070801
1.3552699089050293
2.2485039234161377
1.0480124950408936
1.6226263046264648
1.9776701927185059
1.3022785186767578
1.368826150894165
1.6154162883758545
2.5139319896698
2.1270830631256104
2.03444504737854
1.154106855392456
2.644120454788208
2.3249666690826416
1.9753949642181396
2.498102903366089
2.2128827571868896
2.7421441078186035
2.164541721343994
2.3055968284606934
3.0853662490844727
3.001866340637207
3.0156712532043457
3.479203939437866
4.980440378189087
5.287397146224976
4.991830110549927
4.3935840129852295
5.9399003982543945
4.604048728942871
1.8851563930511475
1.62221097946167
1.6000518798828125
1.8498835563659668
1.3254725933074951
1.5306274890899658
1.055185079574585
1.891446828842163
6.112718820571899
1.8214566707611084
1.9922053813934326
1.2152583599090576
1.6261165142059326
1.8755366802215576
1.3307368755340576
1.6055476665496826
2.9866926670074463
2.205183506011963
2.1098427772521973
2.2465498447418213
2.3892276287078857
2.0908310413360596
2.156444787979126
2.2191433906555176
2.145397901535034
2.701479196548462
2.110793113708496
2.79474139213562
2.638632297515869
2.000936985015869
1.6240570545196533
1.2358734607696533
1.2509655952453613
1.1712307929992676
1.2998614311218262
1.3468451499938965
1.0778403282165527
1.5246329307556152
3.219191312789917
3.4233758449554443
3.5540695190429688
3.0896248817443848
3.52585506439209
3.21272349357605
3.4504666328430176
3.189850091934204
3.866138458251953
3.3067612648010254
1.5757403373718262
1.8336443901062012
1.5329241752624512
3.2886955738067627
1.4798541069030762
3.031407594680786
3.180133104324341
3.2201931476593018
3.8274948596954346
3.0204575061798096
2.952094078063965
3.1287319660186768
1.358661413192749
4.571589231491089
4.986692905426025
4.847121477127075
4.754060745239258
4.342965602874756
4.427253723144531
4.677210092544556
4.548534870147705
4.156635761260986
4.2761313915252686
2.3346550464630127
2.1886894702911377
2.1204216480255127
1.4747734069824219
2.7371208667755127
5.442643880844116
5.189260244369507
5.547215938568115
5.293107271194458
5.888166666030884
1.7184793949127197
1.5164835453033447
1.0256998538970947
0.9712381362915039
5.045863389968872
2.6934103965759277
1.7777445316314697
2.4845120906829834
1.4773831367492676
1.6784024238586426
1.2260098457336426
1.2674832344055176
1.4498851299285889
1.5761134624481201
1.6637022495269775
1.5683691501617432
1.9373536109924316
1.799922227859497
1.8996613025665283
1.9069244861602783
1.08437180519104
1.5722575187683105
2.9480361938476562
1.5039565563201904
1.5967910289764404
1.2048842906951904
1.5956008434295654
1.4048964977264404
1.0572402477264404
2.178589105606079
2.448364496231079
1.2572312355041504
1.4430055618286133
1.6705446243286133
1.0594301223754883
1.3542909622192383
1.2661867141723633
1.3550844192504883
1.5916566848754883
2.255241870880127
2.316551685333252
2.438286304473877
1.1484119892120361
1.4605762958526611
1.0307362079620361
1.8514149188995361
1.6926929950714111
1.7990772724151611
1.3373768329620361
2.4045569896698
2.584702253341675
2.7425696849823
1.994412899017334
1.213071346282959
1.65053129196167
2.0525598526000977
1.5732018947601318
1.5655419826507568
1.5910546779632568
1.1657617092132568
2.0706493854522705
1.3521251678466797
1.4543895721435547
1.4327831268310547
1.6266307830810547
1.9630870819091797
1.4302196502685547
1.6036815643310547
2.2997679710388184
1.6959593296051025
1.0708067417144775
1.2465879917144775
1.2401793003082275
1.2436277866363525
1.3042283058166504
2.3958940505981445
2.227496385574341
2.424837112426758
2.6809372901916504
2.199537754058838
2.4197757244110107
2.2984001636505127
2.7292397022247314
2.077162981033325
2.129523754119873
2.377634048461914
2.120279312133789
1.7596042156219482
1.4566562175750732
1.4622409343719482
2.885317087173462
2.724886178970337
2.306886911392212
1.295027732849121
1.759657859802246
1.699751853942871
0.9770996570587158
0.9575693607330322
0.9301550388336182
0.9680407047271729
2.0127816200256348
0.926123857498169
1.420508623123169
1.650244951248169
1.086402177810669
1.312568187713623
1.511420488357544
1.570746660232544
2.870396614074707
2.002817153930664
2.1978626251220703
2.295809745788574
2.302999496459961
2.7414379119873047
2.1451339721679688
2.631906509399414
2.6773643493652344
2.287053108215332
1.0437617301940918
1.8686213493347168
1.8994441032409668
1.2107844352722168
2.6603803634643555
1.9880292415618896
1.2842023372650146
1.0009992122650146
1.3291852474212646
1.319528579711914
2.024989604949951
1.2420122623443604
1.6021807193756104
1.5099565982818604
2.750842809677124
3.305903196334839
3.312682867050171
3.055975914001465
1.7640385627746582
3.465961217880249
3.67301082611084
3.0096347332000732
3.166015863418579
3.3186447620391846
3.0145833492279053
2.699199676513672
2.115215301513672
2.791912078857422
1.473473310470581
1.564079999923706
1.558007001876831
1.599846601486206
1.134514570236206
1.590958595275879
1.588822364807129
1.179856300354004
1.949631690979004
1.273911476135254
1.3626704216003418
2.1928372383117676
2.6554770469665527
2.4229397773742676
1.4431850910186768
1.3215420246124268
1.0429165363311768
2.4365432262420654
2.1405837535858154
2.0425307750701904
1.6448988914489746
1.5880751609802246
1.7356886863708496
1.5337233543395996
1.331355333328247
2.7662477493286133
2.3675661087036133
2.3222780227661133
1.7889039516448975
1.5111634731292725
2.0511293411254883
2.9442567825317383
2.598271608352661
1.0457935333251953
2.199185848236084
2.758603572845459
1.4717810153961182
1.3237097263336182
1.7710669040679932
1.2885839939117432
1.6821691989898682
4.272684812545776
4.5224950313568115
2.726583242416382
1.306581974029541
1.427980899810791
1.944667100906372
2.4530773162841797
1.1888377666473389
1.4724071025848389
1.4642589092254639
1.5871531963348389
1.407510757446289
2.0723631381988525
2.1826536655426025
2.6216185092926025
2.5455992221832275
2.2989866733551025
2.0140135288238525
1.9763448238372803
2.0408310890197754
2.2425827980041504
1.1628830432891846
1.5866196155548096
1.3123276233673096
1.2212531566619873
1.143033742904663
1.5703628063201904
1.8262298107147217
1.646000623703003
1.830350637435913
1.779172658920288
1.5779016017913818
1.4744231700897217
1.317279577255249
1.2901339530944824
1.5758090019226074
1.8358492851257324
1.4053072929382324
3.0032382011413574
3.8065152168273926
3.077327251434326
3.2250876426696777
3.1723389625549316
3.663020610809326
3.2572083473205566
3.2983460426330566
2.015852928161621
3.5244908332824707
1.3842122554779053
1.2219502925872803
1.0734822750091553
1.8373372554779053
0.9754562377929688
1.5572469234466553
1.1989400386810303
1.4674642086029053
1.2566792964935303
1.2492024898529053
2.5643115043640137
1.478792428970337
1.6486091613769531
1.8156318664550781
1.956493616104126
1.649212121963501
1.626110315322876
2.2965009212493896
2.2238385677337646
2.1935346126556396
1.0319867134094238
2.323317050933838
2.0592803955078125
1.2279021739959717
1.5373198986053467
2.4700701236724854
1.0898637771606445
1.3055315017700195
1.6371660232543945
1.7422990798950195
1.3325090408325195
2.440277576446533
2.370697498321533
1.9104435443878174
1.7679569721221924
1.1568424701690674
0.9580326080322266
0.9905338287353516
1.7434818744659424
1.5676090717315674
2.0669124126434326
2.556145429611206
2.769982099533081
1.9293875694274902
1.2213797569274902
1.1187796592712402
2.246170997619629
1.335843801498413
1.366086721420288
1.073728322982788
1.4113569259643555
1.560049057006836
1.9886305332183838
1.4416944980621338
1.1917555332183838
1.3663465976715088
1.8095529079437256
1.413743495941162
1.2000291347503662
1.1634347438812256
1.2122912406921387
1.4296526908874512
1.2005648612976074
1.5800433158874512
1.8874163627624512
1.9455294609069824
1.2617554664611816
1.8904786109924316
1.2792115211486816
1.3368592262268066
2.6410083770751953
1.0603930950164795
1.8070361614227295
1.1861426830291748
1.8092639446258545
2.589395761489868
1.9040746688842773
1.5841283798217773
1.3770666122436523
0.9579463005065918
0.9293370246887207
2.324831485748291
1.7769310474395752
1.6149437427520752
1.8623497486114502
1.4347374439239502
1.2179405689239502
1.9766075611114502
2.9692022800445557
2.2553818225860596
2.0099966526031494
2.6557304859161377
1.363013744354248
1.951789379119873
2.754711389541626
2.09240460395813
2.26556134223938
2.4952471256256104
1.587806224822998
1.830420970916748
1.327632188796997
1.586921215057373
1.558100938796997
2.4737119674682617
2.5532407760620117
1.540099859237671
1.331817388534546
1.461639165878296
1.501342535018921
1.244170904159546
1.583434820175171
1.5345406532287598
1.932983160018921
1.759582281112671
2.0481369495391846
2.1466476917266846
2.3160409927368164
2.2467355728149414
2.2236034870147705
2.2522263526916504
2.5221669673919678
2.3680872917175293
2.530996322631836
2.2409420013427734
2.654487133026123
2.174363136291504
1.3513717651367188
2.1706271171569824
1.2729341983795166
1.1828463077545166
1.3206026554107666
1.7234957218170166
1.2263948917388916
1.0395967960357666
2.6697957515716553
2.4333455562591553
2.0703999996185303
1.2769551277160645
1.3634114265441895
2.0275228023529053
2.059223175048828
2.116962432861328
2.877735137939453
1.1011970043182373
2.404438018798828
1.7160651683807373
1.6222846508026123
1.9130866527557373
2.462932825088501
2.137371301651001
1.0478143692016602
1.7333307266235352
1.3976068496704102
1.9712152481079102
1.6056451797485352
2.1366069316864014
2.018467426300049
2.371769428253174
2.180210590362549
1.138779878616333
1.801194429397583
1.232865571975708
1.927628755569458
1.687180757522583
0.9966201782226562
1.961625337600708
1.323807954788208
2.6077849864959717
2.1758697032928467
2.2449920177459717
1.4235014915466309
1.3277678489685059
1.3779692649841309
1.3137297630310059
2.3178606033325195
2.2944536209106445
2.2641496658325195
1.7469499111175537
1.2360856533050537
2.1589555740356445
1.0495622158050537
1.0836951732635498
1.8529679775238037
1.1319828033447266
1.7427310943603516
1.1167545318603516
2.2157645225524902
2.0597891807556152
2.2403311729431152
1.9472525119781494
1.2337210178375244
2.2297720909118652
0.9815664291381836
1.5450613498687744
1.1644387245178223
1.6958413124084473
1.9314675331115723
1.1377358436584473
1.7893471717834473
2.432546615600586
2.212423324584961
1.0222194194793701
1.4674708843231201
1.758302927017212
1.388361930847168
1.322047233581543
2.0970215797424316
1.7817261219024658
1.465071678161621
1.2586936950683594
1.717940330505371
1.842301368713379
1.6640043258666992
1.1659317016601562
1.7831525802612305
1.9069795608520508
1.3651399612426758
1.4468441009521484
1.1257433891296387
1.9463000297546387
1.9623522758483887
3.03070330619812
3.1689937114715576
1.761348009109497
3.9273383617401123
3.6684672832489014
2.7328405380249023
1.6618077754974365
1.4967076778411865
1.4577796459197998
1.470247507095337
1.210519790649414
1.6564297676086426
2.7692711353302
1.4158921241760254
1.2730674743652344
1.2928428649902344
1.5357017517089844
1.5879783630371094
1.1032066345214844
2.760291576385498
1.3512156009674072
1.6726877689361572
1.8537180423736572
1.7146494388580322
2.117583990097046
2.011932134628296
1.243800401687622
2.6184616088867188
1.980747938156128
1.284153699874878
1.0388648509979248
1.453373670578003
1.635655164718628
1.553654432296753
1.143986463546753
1.156956434249878
1.069096326828003
1.0710725784301758
1.6180391311645508
1.8389558792114258
1.8762178421020508
2.3008809089660645
2.7251362800598145
2.5857014656066895
1.7499592304229736
1.8224995136260986
1.515326976776123
1.5379230976104736
2.2564399242401123
2.4252326488494873
2.8419196605682373
1.5721564292907715
1.7137274742126465
1.4976630210876465
1.0408148765563965
1.7306647300720215
1.7594428062438965
2.2596442699432373
1.49672269821167
1.2979791164398193
1.3232171535491943
1.1560828685760498
1.4641168117523193
2.124741792678833
1.1520061492919922
1.2919902801513672
1.21291184425354
1.73323655128479
1.99471116065979
0.9617338180541992
1.741262674331665
1.923574686050415
1.222707986831665
1.974478006362915
1.97963547706604
2.1807267665863037
2.3520524501800537
1.800886631011963
1.261061191558838
1.912062168121338
1.223463535308838
1.432386875152588
1.423750400543213
1.383284091949463
2.4665164947509766
1.3531253337860107
1.0630557537078857
1.447878122329712
1.3441729545593262
1.6212453842163086
1.2811269760131836
1.8159780502319336
0.9177100658416748
2.3074746131896973
2.1825661659240723
2.6426186561584473
1.3236610889434814
1.8506691455841064
2.4267849922180176
2.307089328765869
2.8150153160095215
2.233415126800537
1.9520106315612793
2.5576014518737793
2.128391742706299
2.311527729034424
2.4797167778015137
2.3308825492858887
2.91913104057312
1.3324427604675293
1.839595079421997
1.1334986686706543
2.769282341003418
1.6336743831634521
1.6315381526947021
1.2269666194915771
1.6216809749603271
1.7272412776947021
1.0560376644134521
2.093768358230591
2.487902879714966
2.040393114089966
1.361785888671875
2.662741184234619
2.404632329940796
2.5129849910736084
2.6146390438079834
2.722114324569702
2.009856939315796
2.00311279296875
2.392357110977173
2.2313616275787354
2.8647007942199707
1.2889940738677979
1.4008104801177979
2.2455859184265137
1.4025804996490479
2.0236315727233887
1.5721361637115479
1.1181566715240479
1.1834948062896729
2.4296300411224365
2.1121251583099365
1.4680333137512207
1.2358250617980957
1.4489598274230957
1.5410008430480957
2.4690818786621094
2.1355857849121094
1.3211448192596436
1.1218650341033936
1.0267722606658936
1.7367331981658936
1.2501914501190186
1.0057456493377686
1.8375496864318848
1.1957480907440186
1.7337307929992676
1.3089261054992676
1.8712778091430664
1.2166147232055664
1.1932382583618164
1.5734188556671143
1.5375912189483643
1.1890804767608643
1.1328060626983643
1.1297848224639893
1.6180355548858643
1.1197445392608643
2.880131483078003
2.209477186203003
2.326634168624878
1.960191249847412
1.405778408050537
1.510118007659912
1.901414394378662
1.290116786956787
2.380002021789551
1.12143874168396
1.670053243637085
2.5167744159698486
1.3146381378173828
1.3437519073486328
2.1147284507751465
2.0794501304626465
2.0083441734313965
1.7406866550445557
1.4350836277008057
1.4837286472320557
0.9303960800170898
1.7360174655914307
2.0192084312438965
1.0719475746154785
1.5984978675842285
1.9961419105529785
1.7615838050842285
1.8630547523498535
1.1463799476623535
1.596484661102295
2.869779586791992
2.284055709838867
2.672880172729492
1.1169536113739014
1.6961467266082764
1.4508464336395264
1.0994060039520264
1.5858867168426514
1.056398630142212
1.2562358379364014
1.5492215156555176
2.734304666519165
2.35970139503479
2.425527811050415
1.8928251266479492
1.8220243453979492
1.0694913864135742
1.9681730270385742
2.53188157081604
2.784162998199463
2.196180820465088
2.208387851715088
1.415004014968872
1.741236925125122
1.987452745437622
1.569835901260376
1.6992075443267822
1.1260416507720947
1.539837121963501
1.8819925785064697
1.7126810550689697
1.3361828327178955
1.710512399673462
1.7102758884429932
1.7396652698516846
2.0520389080047607
2.1178042888641357
1.931506633758545
1.904284954071045
1.323169231414795
1.45839262008667
1.268664836883545
1.18410062789917
1.200366497039795
3.4629030227661133
3.1166248321533203
3.3072242736816406
3.216388702392578
3.3399221897125244
1.2351796627044678
1.5055043697357178
1.4434316158294678
1.6424672603607178
1.8646817207336426
2.1635963916778564
2.6532204151153564
2.9449074268341064
1.9448585510253906
1.8274574279785156
1.0730018615722656
2.4821388721466064
1.2914772033691406
2.0197365283966064
1.7076380252838135
1.4318506717681885
1.7173731327056885
1.0420801639556885
1.6007654666900635
2.327796697616577
2.686683416366577
1.9782299995422363
1.6668286323547363
1.2263379096984863
1.5747876167297363
1.1816601753234863
1.8450207710266113
1.9332091808319092
1.4608581066131592
1.1948974132537842
2.983970880508423
2.108543634414673
1.871922492980957
1.103215217590332
2.0449681282043457
1.2710239887237549
1.4634373188018799
1.3440220355987549
0.9054355621337891
2.2016074657440186
1.6472983360290527
1.7589926719665527
1.8431296348571777
1.0264792442321777
1.480403184890747
2.8719186782836914
2.1225595474243164
1.2871835231781006
1.440279245376587
2.1184017658233643
2.2142574787139893
1.2119503021240234
1.5526790618896484
1.5775814056396484
1.5714473724365234
1.6128292083740234
2.309068202972412
2.871232509613037
2.139726161956787
1.6635725498199463
2.8572518825531006
2.059373378753662
2.239145040512085
2.315316915512085
1.5216889381408691
1.9647431373596191
1.8809723854064941
2.3698532581329346
2.609041213989258
1.386030912399292
1.532057523727417
1.321150541305542
1.444075345993042
1.303999662399292
1.8660531044006348
2.0086615085601807
1.6412420272827148
1.3179082870483398
1.6220464706420898
1.5941426753997803
1.25917387008667
1.2235445976257324
1.6662251949310303
1.4070546627044678
1.0716209411621094
1.3286399841308594
1.7250406742095947
1.4766275882720947
1.2040140628814697
0.9618463516235352
2.9645562171936035
1.5156853199005127
2.9187188148498535
2.126941442489624
2.1623380184173584
2.135183095932007
2.121424436569214
1.4556803703308105
1.6983866691589355
2.8122127056121826
2.6255099773406982
2.1446311473846436
2.8589351177215576
1.8130640983581543
1.2275919914245605
3.391592264175415
3.124319314956665
2.007876396179199
2.105593681335449
1.1994779109954834
1.2332229614257812
1.5385818481445312
2.807727336883545
1.086303949356079
1.676971673965454
1.942535638809204
2.1098439693450928
2.2278554439544678
2.3748586177825928
2.2495534420013428
1.403069019317627
1.554192066192627
1.292259693145752
2.4115102291107178
1.881767749786377
1.448235034942627
2.060419797897339
2.1232643127441406
1.9332740306854248
1.5680701732635498
1.7876441478729248
1.1497046947479248
3.0547823905944824
3.180516242980957
3.042538642883301
3.3354387283325195
3.8312532901763916
3.770979881286621
3.984417676925659
3.3202779293060303
3.3598814010620117
2.4471399784088135
2.4835474491119385
1.7906155586242676
1.2862634658813477
1.6564416885375977
1.7407617568969727
1.2746667861938477
1.3052759170532227
1.7426233291625977
1.2799158096313477
2.6258740425109863
2.9647107124328613
2.5419137477874756
1.2896435260772705
1.6670238971710205
1.7777721881866455
2.806378126144409
2.123364210128784
1.4052367210388184
1.2291502952575684
1.8224120140075684
1.0486388206481934
1.6055541038513184
2.109074592590332
2.006352424621582
1.7125718593597412
1.9221665859222412
1.1218736171722412
1.3243272304534912
1.1550767421722412
1.5094773769378662
1.7574021816253662
3.2337286472320557
3.5510311126708984
3.615356206893921
3.2196595668792725
3.615406036376953
3.3308990001678467
2.11852765083313
3.5447652339935303
3.30662202835083
1.709939956665039
2.617764711380005
